5.399592126520413871e-01
8.963338320943314841e-01
1.454026207865988241e+00
2.305316391183165337e+00
3.572838502428865581e+00
5.413731245127983982e+00
8.021664489872248893e+00
1.162545484212627045e+01
1.648300894896070901e+01
2.286962594844013097e+01
3.106029184542457955e+01
4.130648824289590948e+01
5.380911539723634007e+01
6.869021536688192953e+01
8.596704092450897861e+01
1.055324093581567553e+02
1.271450229019436051e+02
1.504324616756107957e+02
1.749079490865611319e+02
2.000000000000000000e+02
